# internally used by build_KBP(), solve_KBP(), and screen_purity()
kit_snps <- c("ALGA0047798",
              "ALGA0047807",
              "ALGA0047809",
              "ALGA0102731",
              "ALGA0115258",
              "ALGA0123881",
              "MARC0034580")

mc1r_snps <- c("ALGA0103547",
               "ALGA0120135",
               "ASGA0083574",
               "ASGA0089103",
               "ASGA0105198",
               "H3GA0053623",
               "H3GA0055463",
               "M1GA0026184")