# internally used by build_KBP(), solve_KBP(), and screen_purity()
kit_snps <- c("ALGA0047798",
              "ALGA0047807",
              "ALGA0047809",
              "ALGA0102731",
              "ALGA0115258",
              "ALGA0123881",
              "MARC0034580")